0
0
4
135
9
0
25
4
99
0
26
4
99
0
27
4
99
0
25
5
99
0
26
5
99
0
27
5
99
0
25
6
99
0
26
6
99
0
27
6
99
0
25
7
99
0
26
7
99
0
27
7
99
0
25
8
99
0
26
8
99
0
27
8
99
0
25
9
99
0
26
9
99
0
27
9
99
0
25
10
99
0
26
10
99
0
27
10
99
0
25
11
99
0
26
11
99
0
27
11
99
0
25
12
99
0
26
12
99
0
27
12
99
0
25
13
99
0
26
13
99
0
27
13
99
0
25
14
99
0
26
14
99
0
27
14
99
0
25
15
99
0
26
15
99
0
27
15
99
0
26
23
99
0
26
24
99
0
26
25
99
0
26
26
0
0
26
46
99
0
31
46
1
0
19
47
99
0
22
47
99
0
33
48
99
0
19
49
0
0
24
50
99
0
19
51
1
0
28
51
99
0
29
51
1
0
32
51
1
0
18
52
1
0
21
53
1
0
35
53
99
0
25
54
1
0
28
54
99
0
36
56
1
0
17
57
0
0
23
57
0
0
225
57
1
0
229
57
1
0
218
58
0
0
234
58
1
0
241
58
99
0
18
59
0
0
28
59
0
0
20
60
99
0
25
60
1
0
35
60
1
0
125
60
1
0
159
60
0
0
182
60
1
0
210
60
1
0
23
64
1
0
32
65
1
0
215
66
1
0
240
66
1
0
230
67
1
0
245
71
1
0
246
74
1
0
126
76
1
0
167
76
1
0
172
77
1
0
245
78
1
0
164
80
1
0
175
80
1
0
169
81
1
0
26
83
99
0
163
83
99
0
164
83
99
0
165
83
99
0
169
83
99
0
170
83
99
0
174
83
99
0
175
83
99
0
176
83
99
0
164
84
99
0
165
84
99
0
166
84
99
0
167
84
99
0
168
84
99
0
169
84
99
0
170
84
99
0
171
84
99
0
172
84
99
0
173
84
99
0
174
84
99
0
175
84
99
0
165
85
99
0
166
85
99
0
167
85
99
0
168
85
99
0
169
85
99
0
170
85
99
0
171
85
99
0
172
85
99
0
173
85
99
0
174
85
1
0
27
96
1
0
43
97
0
0
102
97
1
0
83
98
1
0
105
98
1
0
27
101
0
0
31
105
1
0
34
105
1
0
31
109
0
0
34
109
1
0
26
110
1
0
231
114
1
0
250
114
99
0
262
114
1
0
268
114
99
0
258
115
0
0
26
116
0
0
243
116
1
0
247
116
99
0
255
116
1
0
261
116
1
0
233
117
99
0
266
117
99
0
241
118
1
0
244
118
1
0
259
118
99
0
232
119
1
0
238
119
99
0
258
120
99
0
232
121
1
0
242
121
1
0
249
121
0
0
265
121
0
0
266
121
1
0
246
122
1
0
257
122
99
0
264
122
99
0
259
123
1
0
261
123
99
0
266
123
99
0
244
124
99
0
256
124
1
0
267
124
99
0
244
125
99
0
267
125
99
0
230
126
99
0
249
126
99
0
237
127
1
0
263
127
99
0
256
128
99
0
253
129
99
0
260
129
1
0
233
130
99
0
235
130
99
0
232
131
1
0
240
131
99
0
247
131
0
0
12
132
0
0
17
132
99
0
231
132
99
0
239
133
99
0
235
134
0
0
245
134
99
0
112
135
99
0
114
135
99
0
116
135
99
0
157
135
99
0
159
135
99
0
161
135
0
0
235
135
99
0
269
135
99
0
112
136
99
0
114
136
99
0
116
136
99
0
157
136
99
0
159
136
99
0
161
136
0
0
241
136
99
0
247
136
1
0
261
136
99
0
157
137
99
0
159
137
99
0
161
137
1
0
171
137
0
0
241
137
0
0
9
138
0
0
14
138
99
0
257
138
0
0
254
139
0
0
255
139
1
0
267
139
1
0
210
140
99
0
235
140
1
0
237
140
1
0
247
140
99
0
249
140
99
0
266
140
99
0
248
141
1
0
260
141
99
0
261
141
1
0
162
157
1
0
296
170
1
0
149
173
1
0
235
173
1
0
302
174
1
0
207
175
1
0
269
175
1
0
290
176
1
0
300
179
99
0
124
185
99
0
135
185
1
0
121
186
99
0
92
188
1
0
131
189
99
0
133
193
1
0
135
213
1
0
176
218
99
0
132
219
1
0
176
220
99
0
144
221
1
0
156
221
1
0
155
222
