500500500500500500500500500500500500500500500500500500500500500500500500500500500500500500500500500500500500500500500500500500500500500500500500500500500500500500500500500500500500500500500500500500500500500500500500500500500500500500500500500500500500500500500500500500500500500500500500500500500500500500500500500500500500500500500500500500500500500500500500500500500500500500500500500500500500500500500500500500500500500500500500
500500500500500500500500500500500500500500500500500500500500500500500500500500500500500500500500500500500500500500500500500500500500500500500500500500500500500500500500500500500500500500500500500500500500500500500500500500500500500500500500500500500500500500500500500500500500500500500500500500500500500500500500500500500500500500500500500500500500500500500500500500500500500500500500500500500500500500500500500500500500500500500500
500500500500500500500500500500500500500500500500500500500500500500500500500500500500500500500500500500500500500500500500500500500500500500500500500500500500500500500500500500500500500500500500500500500500500500500500500500500500500500500500500500500500500500500500500500500500500500500500500500500500500500500500500500500500500500500500500500500500500500500500500500500500500500500500500500500500500500500500500500500500500500500500
500500500500500500500500500500500500500500500500500500500500500500500500500500500500500500500500500500500500500500500500500500500500500500500500500500500500500500500500500500500500500500500500500500500500500500500500500500500500500500500500500500500500500500500500500500500500500500500500500500500500500500500500500500500500500500500500500500500500500500500500500500500500500500500500500500500500500500500500500500500500500500500500
500500500500500500500500500500500500500500500500500500500500500500500500500500500500500500500500500500500500500500500500500500500500500500500500500500500500500500500500500500500500500500500500500500500500500500500500500500500500500500500500500500500500500500500500500500500500500500500500500500500500500500500500500500500500500500500500500500500500500500500500500500500500500500500500500500500500500500500500500500500500500500500500
500500500500500500500500500500500500500500500500500500500500500500500500500500500500500500500500500500500500500500500500500500500500500500500500500500500500500500500500500500500500500500500500500500500500500500500500500500500500500500500500500500500500500500500500500500500500500500500500500500500500500500500500500500500500500500500500500500500500500500500500500500500500500500500500500500500500500500500500500500500500500500500500
500500500500500500500500500500500500500500500500500500500500500500500500500500500500500500500500500500500500500500500500500500500500500500500500500500500500500500500500500500500500500500500500500500500500500500500500500500500500500500500500500500500500500500500500500500500500500500500500500500500500500500500500500500500500500500500500500500500500500500500500500500500500500500500500500500500500500500500500500500500500500500500500
500500500500500500500500500500500500500500500500500500500500500500500500500500500500500500500500500500500500500500500500500500500500500500500500500500500500500500500500500500500500500500500500500500500500500500500500500500500500500500500500500500500500500500500500500500500500500500500500500500500500500500500500500500500500500500500500500500500500500500500500500500500500500500500500500500500500500500500500500500500500500500500500
500500500500500500500500500500500500500500500500500500500500500500500500500500500500500500500500500500500500500500500500500500500500500500500500500500500500500500500500500500500500500500500500500500500500500500500500500500500500500500500500500500500500500500500500500500500500500500500500500500500500500500500500500500500500500500500500500500500500500500500500500500500500500500500500500500500500500500500500500500500500500500500500
500500500500500500500500500500500500500500500500500500500500500500500500500500500500500500500500500500500500500500500500500500500500500500500500500500500500500500500500500500500500500500500500500500500500500500500500500500500500500500500500500500500500500500500500500500500500500500500500500500500500500500500500500500500500500500500500500500500500500500500500500500500500500500500500500500500500500500500500500500500500500500500500
500500500500500500500500500500500500500500500500500500500500500500500500500500500500500500500500500500500500500500500500500500500500500500500500500500500500500500500500500500500500500500500500500500500500500500500500500500500500500500500500500500500500500500500500500500500500500500500500500500500500500500500500500500500500500500500500500500500500500500500500500500500500500500500500500500500500500500500500500500500500500500500500
500500500500500500500500500500500500500500500500500500500500500500500500500500500500500500500500500500500500500500500500500500500500500500500500500500500500500500500500500500500500500500500500500500500500500500500500500500500500500500500500500500500500500500500500500500500500500500500500500500500500500500500500500500500500500500500500500500500500500500500500500500500500500500500500500500500500500500500500500500500500500500500500
500500500500500500500500500500500500500500500500500500500500500500500500500500500500500500500500500500500500500500500500500500500500500500500500500500500500500500500500500500500500500500500500500500500500500500500500500500500500500500500500500500500500500500500500500500500500500500500500500500500500500500500500500500500500500500500500500500500500500500500500500500500500500500500500500500500500500500500500500500500500500500500500
500500500500500500500500500500500500500500500500500500500500500500500500500500500500500500500500500500500500500500500500500500500500500500500500500500500500500500500500500500500500500500500500500500500500500500500500500500500500500500500500500500500500500500500500500500500500500500500500500500500500500500500500500500500500500500500500500500500500500500500500500500500500500500500500500500500500500500500500500500500500500500500500
500500500500500500500500500500500500500500500500500500500500500500500500500500500500500500500500500500500500500500500500500500500500500500500500500500500500500500500500500500500500500500500500500500500500500500500500500500500500500500500500500500500500500500500500500500500500500500500500500500500500500500500500500500500500500500500500500500500500500500500500500500500500500500500500500500500500500500500500500500500500500500500500
500500500500500500500500500500500500500500500500500500500500500500500500500500500500500500500500500500500500500500500500500500500500500500500500500500500500500500500500500500500500500500500500500500500500500500500500500500500500500500500500500500500500500500500500500500500500500500500500500500500500500500500500500500500500500500500500500500500500500500500500500500500500500500500500500500500500500500500500500500500500500500500500
500500500500500500500500500500500500500500500500500500500500500500500500500500500500500500500500500500500500500500500500500500500500500500500500500500500500500500500500500500500500500500500500500500500500500500500500500500500500500500500500500500500500500500500500500500500500500500500500500500500500500500500500500500500500500500500500500500500500500500500500500500500500500500500500500500500500500500500500500500500500500500500500
500500500500500500500500500500500500500500500500500500500500500500500500500500500500500500500500500500500500500500500500500500500500501501501501501501501501501500500500500500500500500500500500500500500500500500500500500500500500500500500500500500500500500500500500500500500500500500500500500500500500500500500500500500500500500500500500500500500500500500500500500500500500500500500500500500500500500500500500500500500500500500500500
500500500500500500500500500500500500500500500500500500500500500500500500500500500500500500500500500500500500500500500500500500500500501501501501501501501501501500500500500500500500500500500500500500500500500500500500500500500500500500500500500500500500500500500500500500500500500500500500500500500500500500500500500500500500500500500500500500500500500500500500500500500500500500500500500500500500500500500500500500500500500500500500
500500500500500500500500500500500500500500500500500500500500500500500500500500500500500500500500500500500500500500500500500500500500501501501501501501501501501500500500500500500500500500500500500500500500500500500500500500500500500500500500500500500500500500500500500500500500500500500500500500500500500500500500500500500500500500500500500500500500500500500500500500500500500500500500500500500500500500500500500500500500500500500500
500500500500500500500500500500500500500500500500500500500500500500500500500500500500500500500500500500500500500500500500500500500500501501501501501501501501501500500500500500500500500500500500500500500500500500500500500500500500500500500500500500500500500500500500500500500500500500500500500500500500500500500500500500500500500500500500500500500500500500500500500500500500500500500500500500500500500500500500500500500500500500500500
500500500500500500500500500500500500500500500500500500500500500500500500500500500500500500500500500500500500500500500500500500500500501501501501501501501501501500500500500500500500500500500500500500500500500500500500500500500500500500500500500500500500500500500500500500500500500500500500500500500500500500500500500500500500500500500500500500500500500500500500500500500500500500500500500500500500500500500500500500500500500500500500
500500500500500500500500500500500500500500500500500500501501501501501501501501501501501501501501501501501501501501501501501501501501501501501003003003501501501501501501501501501501501501501501501501501501501501501501501501501501501501501500500500500500500500500500500500500500500500500500500500500500500500500500500500500500500500500500500500500500500500500500500500500500500500500500500500500500500500500500500500500500500500500500
500500500500500500500500500500500500500500500500500500501501501501501501501501501501501501501501501501501501501501501501501501501501501501501003003003501501501501501501501501501501501501501501501501501501501501501501501501501501501501501500500500500500500500500500500500500500500500500500500500500500500500500500500500500500500500500500500500500500500500500500500500500500500500500500500500500500500500500500500500500500500500500500
500500500500500500500500500500500500500500500500500500501501501501501501501501501501501501501501501501501501501501501501501501501501501501501003003003501501501501501501501501501501501501501501501501501501501501501501501501501501501501501500500500500500500500500500500500500500500500500500500500500500500500500500500500500500500500500500500500500500500500500500500500500500500500500500500500500500500500500500500500500500500500500500
500500500500500500500500500500500500500500500500500500501501501006006006006006006006006006006006006501501501501501501501501501501501501501501003003003501501501501501501501501501501501501501501501501501501501501501501501501501501501501501500500500500500500500500500500500500500500500500500500500500500500500500500500500500500500500500500500500500500500500500500500500500500500500500500500500500500500500500500500500500500500500500500
500500500500500500500500500500500500500500500500500500501501501006006006006006006006006006006006501501501501501501501501501501501501501501501003003003501501501501501501501501501501501501501501501501501501501501501501501501501501501501501500500500500500500500500500500500500500500500500500500500500500500500500500500500500500500500500500500500500500500500500500500500500500500500500500500500500500500500500500500500500500500500500500
500500500500500500500500500500500500500500500500500500501501501006006006006006006006006006006006501501501501501501501501501501501501501501501003003003501501501501501501501501501501501501501501501501501501501501501501501501501501501501501500500500500500500500500500500500500500500500500500500500500500500500500500500500500500500500500500500500500500500500500500500500500500500500500500500500500500500500500500500500500500500500500500
500500500500500500500500500500500500500500500500500500501501501006006006006006006006006006006006250252252252252252252252252252252252252252250003003003003003003003003003003003003003003003003003003003003003003003003003003003003003003003003500500500500500500500500500500500500500500500500500500500500500500500500500500500500500500500500500500500500500500500500500500500500500500500500500500500500500500500500500500500500500500500500500
500500500500500500500500500500500500500500500500500500501501501006006006006006006006006006006006250252252252252252252252252252252252252252250003003003003003003003003003003003003003003003003003003003003003003003003003003003003003003003003500500500500500500500500500500500500500500500500500500500500500500500500500500500500500500500500500500500500500500500500500500500500500500500500500500500500500500500500500500500500500500500500500
500500500500500500500500500500500500500500500500500500501501501006006006006006006006006006006006250252252252252252252252252252252252252252250003003003003003003003003003003003003003003003003003003003003003003003003003003003003003003003003500500500500500500500500500500500500500500500500500500500500500500500500500500500500500500500500500500500500500500500500500500500500500500500500500500500500500500500500500500500500500500500500500
500500500500500500500500500500500500500500500500500500501501501006006006006006006006006006006006501501501501501501501501501501501501501501501003003003501501501501501501501501501501501501501501501501501501501501501501501501501501501501501500500500500500500500500500500500500500500500500500500500500500500500500500500500500500500500500500500500500500500500500500500500500500500500500500500500500500500500500500500500500500500500500500
500500500500500500500500500500500500500500500500500500501501501006006006006006006006006006006006501501501501501501501501501501501501501501501003003003501501501501501501501501501501501501501501501501501501501501501501501501501501501501501500500500500500500500500500500500500500500500500500500500500500500500500500500500500500500500500500500500500500500500500500500500500500500500500500500500500500500500500500500500500500500500500500
500500500500500500500500500500500500500500500500500500501501501006006006006006006006006006006006006501501501501501501501501501501501501501501003003003501501501501501501501501501501501501501501501501501501501501501501501501501501501501501500500500500500500500500500500500500500500500500500500500500500500500500500500500500500500500500500500500500500500500500500500500500500500500500500500500500500500500500500500500500500500500500500
500500500500500500500500500500500500500500500500500500501501501501501501501501501501501501501501501501501501501501501501501501501501501501501003003003501501501501501501501501501501501501501501501501501501501501501501501501501501501501501500500500500500500500500500500500500500500500500500500500500500500500500500500500500500500500500500500500500500500500500500500500500500500500500500500500500500500500500500500500500500500500500500
500500500500500500500500500500500500500500500500500500501501501501501501501501501501501501501501501501501501501501501501501501501501501501501003003003501501501501501501501501501501501501501501501501501501501501501501501501501501501501501500500500500500500500500500500500500500500500500500500500500500500500500500500500500500500500500500500500500500500500500500500500500500500500500500500500500500500500500500500500500500500500500500
500500500500500500500500500500500500500500500500500500501501501501501501501501501501501501501501501501501501501501501501501501501501501501501003003003501501501501501501501501501501501501501501501501501501501501501501501501501501501501501500500500500500500500500500500500500500500500500500500500500500500500500500500500500500500500500500500500500500500500500500500500500500500500500500500500500500500500500500500500500500500500500500
500500500500500500500500500500500500500500500500500500500500500500500500500500500500500500500500500500500500500500500500500500500500501501501501501501501501501500500500500500500500500500500500500500500500500500500500500500500500500500500500500500500500500500500500500500500500500500500500500500500500500500500500500500500500500500500500500500500500500500500500500500500500500500500500500500500500500500500500500500500500500500500500
500500500500500500500500500500500500500500500500500500500500500500500500500500500500500500500500500500500500500500500500500500500500501501501501501501501501501500500500500500500500500500500500500500500500500500500500500500500500500500500500500500500500500500500500500500500500500500500500500500500500500500500500500500500500500500500500500500500500500500500500500500500500500500500500500500500500500500500500500500500500500500500500
500500500500500500500500500500500500500500500500500500500500500500500500500500500500500500500500500500500500500500500500500500500500501501501501501501501501501500500500500500500500500500500500500500500500500500500500500500500500500500500500500500500500500500500500500500500500500500500500500500500500500500500500500500500500500500500500500500500500500500500500500500500500500500500500500500500500500500500500500500500500500500500500
500500500500500500500500500500500500500500500500500500500500500500500500500500500500500500500500500500500500500500500500500500500500501501501501501501501501501500500500500500500500500500500500500500500500500500500500500500500500500500500500500500500500500500500500500500500500500500500500500500500500500500500500500500500500500500500500500500500500500500500500500500500500500500500500500500500500500500500500500500500500500500500500
500500500500500500500500500500500500500500500500500500500500500500500500500500500500500500500500500500500500500500500500500500500500501501501501501501501501501500500500500500500500500500500500500500500500500500500500500500500500500500500500500500500500500500500500500500500500500500500500500500500500500500500500500500500500500500500500500500500500500500500500500500500500500500500500500500500500500500500500500500500500500500500500
500500500500500500500500500500500500500500500500500500500500500500500500500500500500500500500500500500500500500500500500500500500500500500500500500500500500500500500500500500500500500500500500500500500500500500500500500500500500500500500500500500500500500500500500500500500500500500500500500500500500500500500500500500500500500500500500500500500500500500500500500500500500500500500500500500500500500500500500500500500500500500500500
500500500500500500500500500500500500500500500500500500500500500500500500500500500500500500500500500500500500500500500500500500500500500500500500500500500500500500500500500500500500500500500500500500500500500500500500500500500500500500500500500500500500500500500500500500500500500500500500500500500500500500500500500500500500500500500500500500500500500500500500500500500500500500500500500500500500500500500500500500500500500500500500
500500500500500500500500500500500500500500500500500500500500500500500500500500500500500500500500500500500500500500500500500500500500500500500500500500500500500500500500500500500500500500500500500500500500500500500500500500500500500500500500500500500500500500500500500500500500500500500500500500500500500500500500500500500500500500500500500500500500500500500500500500500500500500500500500500500500500500500500500500500500500500500500
500500500500500500500500500500500500500500500500500500500500500500500500500500500500500500500500500500500500500500500500500500500500500500500500500500500500500500500500500500500500500500500500500500500500500500500500500500500500500500500500500500500500500500500500500500500500500500500500500500500500500500500500500500500500500500500500500500500500500500500500500500500500500500500500500500500500500500500500500500500500500500500500
500500500500500500500500500500500500500500500500500500500500500500500500500500500500500500500500500500500500500500500500500500500500500500500500500500500500500500500500500500500500500500500500500500500500500500500500500500500500500500500500500500500500500500500500500500500500500500500500500500500500500500500500500500500500500500500500500500500500500500500500500500500500500500500500500500500500500500500500500500500500500500500500
500500500500500500500500500500500500500500500500500500500500500500500500500500500500500500500500500500500500500500500500500500500500500500500500500500500500500500500500500500500500500500500500500500500500500500500500500500500500500500500500500500500500500500500500500500500500500500500500500500500500500500500500500500500500500500500500500500500500500500500500500500500500500500500500500500500500500500500500500500500500500500500500
500500500500500500500500500500500500500500500500500500500500500500500500500500500500500500500500500500500500500500500500500500500500500500500500500500500500500500500500500500500500500500500500500500500500500500500500500500500500500500500500500500500500500500500500500500500500500500500500500500500500500500500500500500500500500500500500500500500500500500500500500500500500500500500500500500500500500500500500500500500500500500500500
500500500500500500500500500500500500500500500500500500500500500500500500500500500500500500500500500500500500500500500500500500500500500500500500500500500500500500500500500500500500500500500500500500500500500500500500500500500500500500500500500500500500500500500500500500500500500500500500500500500500500500500500500500500500500500500500500500500500500500500500500500500500500500500500500500500500500500500500500500500500500500500500
500500500500500500500500500500500500500500500500500500500500500500500500500500500500500500500500500500500500500500500500500500500500500500500500500500500500500500500500500500500500500500500500500500500500500500500500500500500500500500500500500500500500500500500500500500500500500500500500500500500500500500500500500500500500500500500500500500500500500500500500500500500500500500500500500500500500500500500500500500500500500500500500
500500500500500500500500500500500500500500500500500500500500500500500500500500500500500500500500500500500500500500500500500500500500500500500500500500500500500500500500500500500500500500500500500500500500500500500500500500500500500500500500500500500500500500500500500500500500500500500500500500500500500500500500500500500500500500500500500500500500500500500500500500500500500500500500500500500500500500500500500500500500500500500500
500500500500500500500500500500500500500500500500500500500500500500500500500500500500500500500500500500500500500500500500500500500500500500500500500500500500500500500500500500500500500500500500500500500500500500500500500500500500500500500500500500500500500500500500500500500500500500500500500500500500500500500500500500500500500500500500500500500500500500500500500500500500500500500500500500500500500500500500500500500500500500500500
500500500500500500500500500500500500500500500500500500500500500500500500500500500500500500500500500500500500500500500500500500500500500500500500500500500500500500500500500500500500500500500500500500500500500500500500500500500500500500500500500500500500500500500500500500500500500500500500500500500500500500500500500500500500500500500500500500500500500500500500500500500500500500500500500500500500500500500500500500500500500500500500
500500500500500500500500500500500500500500500500500500500500500500500500500500500500500500500500500500500500500500500500500500500500500500500500500500500500500500500500500500500500500500500500500500500500500500500500500500500500500500500500500500500500500500500500500500500500500500500500500500500500500500500500500500500500500500500500500500500500500500500500500500500500500500500500500500500500500500500500500500500500500500500500
500500500500500500500500500500500500500500500500500500500500500500500500500500500500500500500500500500500500500500500500500500500500500500500500500500500500500500500500500500500500500500500500500500500500500500500500500500500500500500500500500500500500500500500500500500500500500500500500500500500500500500500500500500500500500500500500500500500500500500500500500500500500500500500500500500500500500500500500500500500500500500500500
500500500500500500500500500500500500500500500500500500500500500500500500500500500500500500500500500500500500500500500500500500500500500500500500500500500500500500500500500500500500500500500500500500500500500500500500500500500500500500500500500500500500500500500500500500500500500500500500500500500500500500500500500500500500500500500500500500500500500500500500500500500500500500500500500500500500500500500500500500500500500500500500
500500500500500500500500500500500500500500500500500500500500500500500500500500500500500500500500500500500500500500500500500500500500500500500500500500500500500500500500500500500500500500500500500500500500500500500500500500500500500500500500500500500500500500500500500500500500500500500500500500500500500500500500500500500500500500500500500500500500500500500500500500500500500500500500500500500500500500500500500500500500500500500500
500500500500500500500500500500500500500500500500500500500500500500500500500500500500500500500500500500500500500500500500500500500500500500500500500500500500500500500500500500500500500500500500500500500500500500500500500500500500500500500500500500500500500500500500500500500500500500500500500500500500500500500500500500500500500500500500500500500500500500500500500500500500500500500500500500500500500500500500500500500500500500500500
500500500500500500500500500500500500500500500500500500500500500500500500500500500500500500500500500500500500500500500500500500500500500500500500500500500500500500500500500500500500500500500500500500500500500500500500500500500500500500500500500500500500500500500500500500500500500500500500500500500500500500500500500500500500500500500500500500500500500500500500500500500500500500500500500500500500500500500500500500500500500500500500
500500500500500500500500500500500500500500500500500500500500500500500500500500500500500500500500500500500500500500500500500500500500500500500500500500500500500500500500500500500500500500500500500500500500500500500500500500500500500500500500500500500500500500500500500500500500500500500500500500500500500500500500500500500500500500500500500500500500500500500500500500500500500500500500500500500500500500500500500500500500500500500500
500500500500500500500500500500500500500500500500500500500500500500500500500500500500500500500500500500500500500500500500500500500500500500500500500500500500500500500500500500500500500500500500500500500500500500500500500500500500500500500500500500500500500500500500500500500500500500500500500500500500500500500500500500500500500500500500500500500500500500500500500500500500500500500500500500500500500500500500500500500500500500500500
500500500500500500500500500500500500500500500500500500500500500500500500500500500500500500500500500500500500500500500500500500500500500500500500500500500500500500500500500500500500500500500500500500500500500500500500500500500500500500500500500500500500500500500500500500500500500500500500500500500500500500500500500500500500500500500500500500500500500500500500500500500500500500500500500500500500500500500500500500500500500500500500
500500500500500500500500500500500500500500500500500500500500500500500500500500500500500500500500500500500500500500500500500500500500500500500500500500500500500500500500500500500500500500500500500500500500500500500500500500500500500500500500500500500500500500500500500500500500500500500500500500500500500500500500500500500500500500500500500500500500500500500500500500500500500500500500500500500500500500500500500500500500500500500500
500500500500500500500500500500500500500500500500500500500500500500500500500500500500500500500500500500500500500500500500500500500500500500500500500500500500500500500500500500500500500500500500500500500500500500500500500500500500500500500500500500500500500500500500500500500500500500500500500500500500500500500500500500500500500500500500500500500500500500500500500500500500500500500500500500500500500500500500500500500500500500500500
500500500500500500500500500500500500500500500500500500500500500500500500500500500500500500500500500500500500500500500500500500500500500500500500500500500500500500500500500500500500500500500500500500500500500500500500500500500500500500500500500500500500500500500500500500500500500500500500500500500500500500500500500500500500500500500500500500500500500500500500500500500500500500500500500500500500500500500500500500500500500500500500
500500500500500500500500500500500500500500500500500500500500500500500500500500500500500500500500500500500500500500500500500500500500500500500500500500500500500500500500500500500500500500500500500500500500500500500500500500500500500500500500500500500500500500500500500500500500500500500500500500500500500500500500500500500500500500500500500500500500500500500500500500500500500500500500500500500500500500500500500500500500500500500500
500500500500500500500500500500500500500500500500500500500500500500500500500500500500500500500500500500500500500500500500500500500500500500500500500500500500500500500500500500500500500500500500500500500500500500500500500500500500500500500500500500500500500500500500500500500500500500500500500500500500500500500500500500500500500500500500500500500500500500500500500500500500500500500500500500500500500500500500500500500500500500500500
500500500500500500500500500500500500500500500500500500500500500500500500500500500500500500500500500500500500500500500500500500500500500500500500500500500500500500500500500500500500500500500500500500500500500500500500500500500500500500500500500500500500500500500500500500500500500500500500500500500500500500500500500500500500500500500500500500500500500500500500500500500500500500500500500500500500500500500500500500500500500500500500
500500500500500500500500500500500500500500500500500500500500500500500500500500500500500500500500500500500500500500500500500500500500500500500500500500500500500500500500500500500500500500500500500500500500500500500500500500500500500500500500500500500500500500500500500500500500500500500500500500500500500500500500500500500500500500500500500500500500500500500500500500500500500500500500500500500500500500500500500500500500500500500500
500500500500500500500500500500500500500500500500500500500500500500500500500500500500500500500500500500500500500500500500500500500500500500500500500500500500500500500500500500500500500500500500500500500500500500500500500500500500500500500500500500500500500500500500500500500500500500500500500500500500500500500500500500500500500500500500500500500500500500500500500500500500500500500500500500500500500500500500500500500500500500500500
500500500500500500500500500500500500500500500500500500500500500500500500500500500500500500500500500500500500500500500500500500500500500500500500500500500500500500500500500500500500500500500500500500500500500500500500500500500500500500500500500500500500500500500500500500500500500500500500500500500500500500500500500500500500500500500500500500500500500500500500500500500500500500500500500500500500500500500500500500500500500500500500
500500500500500500500500500500500500500500500500500500500500500500500500500500500500500500500500500500500500500500500500500500500500500500500500500500500500500500500500500500500500500500500500500500500500500500500500500500500500500500500500500500500500500500500500500500500500500500500500500500500500500500500500500500500500500500500500500500500500500500500500500500500500500500500500500500500500500500500500500500500500500500500500
500500500500500500500500500500500500500500500500500500500500500500500500500500500500500500500500500500500500500500500500500500500500500500500500500500500500500500500500500500500500500500500500500500500500500500500500500500500500500500500500500500500500500500500500500500500500500500500500500500500500500500500500500500500500500500500500500500500500500500500500500500500500500500500500500500500500500500500500500500500500500500500500
500500500500500500500500500500500500500500500500500500500500500500500500500500500500500500500500500500500500500500500500500500500500500500500500500500500500500500500500500500500500500500500500500500500500500500500500500500500500500500500500500500500500500500500500500500500500500500500500500500500500500500500500500500500500500500500500500500500500500500500500500500500500500500500500500500500500500500500500500500500500500500500500
500500500500500500500500500500500500500500500500500500500500500500500500500500500500500500500500500500500500500500500500500500500500500500500500500500500500500500500500500500500500500500500500500500500500500500500500500500500500500500500500500500500500500500500500500500500500500500500500500500500500500500500500500500500500500500500500500500500500500500500500500500500500500500500500500500500500500500500500500500500500500500500500
500500500500500500500500500500500500500500500500500500500500500500500500500500500500500500500500500500500500500500500500500500500500500500500500500500500500500500500500500500500500500500500500500500500500500500500500500500500500500500500500500500500500500500500500500500500500500500500500500500500500500500500500500500500500500500500500500500500500500500500500500500500500500500500500500500500500500500500500500500500500500500500500
500500500500500500500500500500500500500500500500500500500500500500500500500500500500500500500500500500500500500500500500500500500500500500500500500500500500500500500500500500500500500500500500500500500500500500500500500500500500500500500500500500500500500500500500500500500500500500500500500500500500500500500500500500500500500500500500500500500500500500500500500500500500500500500500500500500500500500500500500500500500500500500500
500500500500500500500500500500500500500500500500500500500500500500500500500500500500500500500500500500500500500500500500500500500500500500500500500500500500500500500500500500500500500500500500500500500500500500500500500500500500500500500500500500500500500500500500500500500500500500500500500500500500500500500500500500500500500500500500500500500500500500500500500500500500500500500500500500500500500500500500500500500500500500500500
500500500500500500500500500500500500500500500500500500500500500500500500500500500500500500500500500500500500500500500500500500500500500500500500500500500500500500500500500500500500500500500500500500500500500500500500500500500500500500500500500500500500500500500500500500500500500500500500500500500500500500500500500500500500500500500500500500500500500500500500500500500500500500500500500500500500500500500500500500500500500500500500
500500500500500500500500500500500500500500500500500500500500500500500500500500500500500500500500500500500500500500500500500500500500500500500500500500500500500500500500500500500500500500500500500500500500500500500500500500500500500500500500500500500500500500500500500500500500500500500500500500500500500500500500500500500500500500500500500500500500500500500500500500500500500500500500500500500500500500500500500500500500500500500500
500500500500500500500500500500500500500500500500500500500500500500500500500500500500500500500500500500500500500500500500500500500500500500500500500500500500500500500500500500500500500500500500500500500500500500500500500500500500500500500500500500500500500500500500500500500500500500500500500500500500500500500500500500500500500500500500500500500500500500500500500500500500500500500500500500500500500500500500500500500500500500500500
500500500500500500500500500500500500500500500500500500500500500500500500500500500500500500500500500500500500500500500500500500500500500500500500500500500500500500500500500500500500500500500500500500500500500500500500500500500500500500500500500500500500500500500500500500500500500500500500500500500500500500500500500500500500500500500500500500500500500500500500500500500500500500500500500500500500500500500500500500500500500500500500